cam0:
  T_cam_imu:
  - [0.999893754883305, -0.011329127319013874, 0.009172230893079154, 0.008130715780029473]
  - [0.011519057219321832, 0.9997146649593999, -0.020926059970626933, -0.013490004208901334]
  - [-0.008932539736512325, 0.021029492131429583, 0.9997389510239916, -0.04115921554741438]
  - [0.0, 0.0, 0.0, 1.0]
  cam_overlaps: [1]
  camera_model: pinhole
  distortion_coeffs: [-0.008794928434628198, -0.0029108370540593094, 0.001829725158629241,
    -0.0028181428353857996]
  distortion_model: radtan
  intrinsics: [346.8264503781707, 347.8920653009198, 307.23766848732424, 252.28148064627226]
  resolution: [640, 480]
  rostopic: /camera/infra1/image_rect_raw
cam1:
  T_cam_imu:
  - [0.9999176458509934, -0.011693785227580276, 0.005287428756887009, -0.041680036725561406]
  - [0.011802244862011632, 0.9997104564086918, -0.020969271883945893, -0.013479812090496602]
  - [-0.005040687653986351, 0.02102994850628382, 0.9997661390214206, -0.040520692006189116]
  - [0.0, 0.0, 0.0, 1.0]
  T_cn_cnm1:
  - [0.9999923873830935, -0.0002829850549874509, -0.00389166999020956, -0.049974686163115775]
  - [0.00028280888494615987, 0.9999999589598854, -4.581872144845835e-05, 6.006263477690477e-06]
  - [0.0038916827965084, 4.471777379757537e-05, 0.9999924263739827, 0.0006071728929519784]
  - [0.0, 0.0, 0.0, 1.0]
  cam_overlaps: [0]
  camera_model: pinhole
  distortion_coeffs: [-0.01440773118741055, 0.00218358496710651, 0.001800430550848187,
    -0.002685402993275384]
  distortion_model: radtan
  intrinsics: [347.15577890496917, 348.58691676665626, 308.8150728975225, 252.2351286810244]
  resolution: [640, 480]
  rostopic: /camera/infra2/image_rect_raw
