cam0:
  cam_overlaps: [1]
  camera_model: pinhole
  distortion_coeffs: [0.003199403123408687, -0.012914949891332404, 0.0007439911715633549,
    0.00011095935046315866]
  distortion_model: radtan
  intrinsics: [376.31074519592255, 377.77440338314005, 318.0502144256727, 242.31434543034487]
  resolution: [640, 480]
  rostopic: /camera/infra1/image_rect_raw
cam1:
  T_cn_cnm1:
  - [0.9999992722829126, -0.00013397329504559024, -0.0011989515424995498, -0.050066446818380156]
  - [0.0001324143839983278, 0.9999991459552704, -0.0013002135057400275, 5.147757821558069e-05]
  - [0.0011991247124289307, 0.0013000538011224982, 0.9999984359787959, -6.860699796206552e-05]
  - [0.0, 0.0, 0.0, 1.0]
  cam_overlaps: [0]
  camera_model: pinhole
  distortion_coeffs: [-0.000116094870738454, -0.005489979934342122, 0.001040023765226131,
    0.0007174049205924198]
  distortion_model: radtan
  intrinsics: [376.33529600649257, 377.7785598596665, 318.8119192819811, 242.68193688109352]
  resolution: [640, 480]
  rostopic: /camera/infra2/image_rect_raw
