cam0:
  cam_overlaps: [1]
  camera_model: pinhole
  distortion_coeffs: [-0.005340447892694707, -0.004427642062810564, 0.0025960229538872634,
    -0.0005250503055867102]
  distortion_model: radtan
  intrinsics: [373.16239672856665, 374.5988311630283, 316.2920161343014, 244.3284723174007]
  resolution: [640, 480]
  rostopic: /camera/infra1/image_rect_raw
cam1:
  T_cn_cnm1:
  - [0.9999972113798268, -0.0003768681496061491, -0.0023313521733844865, -0.04988215133173637]
  - [0.0003783564462937251, 0.9999997249168698, 0.0006379753699194184, 3.6064101148733844e-05]
  - [0.0023311110994716907, -0.0006388556729718164, 0.9999970788879633, 0.000589490990337205]
  - [0.0, 0.0, 0.0, 1.0]
  cam_overlaps: [0]
  camera_model: pinhole
  distortion_coeffs: [-0.009629200049791568, -0.00016507832841581292, 0.0022762587857767854,
    -0.0004113236577396337]
  distortion_model: radtan
  intrinsics: [374.00300817225207, 375.4707835586842, 317.2848318024277, 244.0101120861018]
  resolution: [640, 480]
  rostopic: /camera/infra2/image_rect_raw
