cam0:
  cam_overlaps: [1]
  camera_model: pinhole
  distortion_coeffs: [-0.008794928434628198, -0.0029108370540593094, 0.001829725158629241,
    -0.0028181428353857996]
  distortion_model: radtan
  intrinsics: [346.8264503781707, 347.8920653009198, 307.23766848732424, 252.28148064627226]
  resolution: [640, 480]
  rostopic: /camera/infra1/image_rect_raw
cam1:
  T_cn_cnm1:
  - [0.9999923873830904, -0.0002829850549874509, -0.00389166999020956, -0.049974686163115775]
  - [0.00028280888494615987, 0.9999999589598823, -4.581872144845835e-05, 6.006263477690477e-06]
  - [0.0038916827965084, 4.471777379757537e-05, 0.9999924263739796, 0.0006071728929519784]
  - [0.0, 0.0, 0.0, 1.0]
  cam_overlaps: [0]
  camera_model: pinhole
  distortion_coeffs: [-0.01440773118741055, 0.00218358496710651, 0.001800430550848187,
    -0.002685402993275384]
  distortion_model: radtan
  intrinsics: [347.15577890496917, 348.58691676665626, 308.8150728975225, 252.2351286810244]
  resolution: [640, 480]
  rostopic: /camera/infra2/image_rect_raw
