%YAML:1.0
---
type: IMU
name: d435i
Gyr:
   unit: " rad/s"
   avg-axis:
      gyr_n: 1.6658078536637619e-03
      gyr_w: 1.6866629916042420e-05
   x-axis:
      gyr_n: 1.8220879231809395e-03
      gyr_w: 1.5018834102749466e-05
   y-axis:
      gyr_n: 2.1120105139051486e-03
      gyr_w: 2.6279379984770063e-05
   z-axis:
      gyr_n: 1.0633251239051972e-03
      gyr_w: 9.3016756606077322e-06
Acc:
   unit: " m/s^2"
   avg-axis:
      acc_n: 1.8666242200691727e-02
      acc_w: 5.6920926500298754e-04
   x-axis:
      acc_n: 1.6018194780412071e-02
      acc_w: 6.5954179405425673e-04
   y-axis:
      acc_n: 1.9281832385958528e-02
      acc_w: 6.2678768772943163e-04
   z-axis:
      acc_n: 2.0698699435704588e-02
      acc_w: 4.2129831322527408e-04
